QM file
Dimension 2

SourceList 16
40 0
36.9552 -15.3073
28.2843 -28.2843
15.3073 -36.9552
2.44929e-015 -40
-15.3073 -36.9552
-28.2843 -28.2843
-36.9552 -15.3073
-40 -4.89859e-015
-36.9552 15.3073
-28.2843 28.2843
-15.3073 36.9552
-7.34788e-015 40
15.3073 36.9552
28.2843 28.2843
36.9552 15.3073

MeasurementList 16
39.2314 -7.80361
33.2588 -22.2228
22.2228 -33.2588
7.80361 -39.2314
-7.80361 -39.2314
-22.2228 -33.2588
-33.2588 -22.2228
-39.2314 -7.80361
-39.2314 7.80361
-33.2588 22.2228
-22.2228 33.2588
-7.80361 39.2314
7.80361 39.2314
22.2228 33.2588
33.2588 22.2228
39.2314 7.80361

LinkList
8:4 5 6 7 8 9 10 11
8:5 6 7 8 9 10 11 12
8:6 7 8 9 10 11 12 13
8:7 8 9 10 11 12 13 14
8:8 9 10 11 12 13 14 15
8:0 9 10 11 12 13 14 15
8:0 1 10 11 12 13 14 15
8:0 1 2 11 12 13 14 15
8:0 1 2 3 12 13 14 15
8:0 1 2 3 4 13 14 15
8:0 1 2 3 4 5 14 15
8:0 1 2 3 4 5 6 15
8:0 1 2 3 4 5 6 7
8:1 2 3 4 5 6 7 8
8:2 3 4 5 6 7 8 9
8:3 4 5 6 7 8 9 10
